LAT,LONG,DATE,Ztime
47.534000, -111.723075,40323,20484876
47.534000, -111.723075,40323,20484876
47.533996, -111.723091,40323,20484977
47.533996, -111.723091,40323,20484977
47.533977, -111.723114,40323,20485077
47.533977, -111.723114,40323,20485077
47.533958, -111.723136,40323,20485177
47.533958, -111.723136,40323,20485177
47.533950, -111.723144,40323,20485277
47.533950, -111.723144,40323,20485277
47.533946, -111.723144,40323,20485378
47.533946, -111.723144,40323,20485378
47.533958, -111.723152,40323,20485478
47.533958, -111.723152,40323,20485478
47.533973, -111.723182,40323,20485577
47.533973, -111.723182,40323,20485577
47.533985, -111.723197,40323,20485700
47.533985, -111.723197,40323,20485700
47.533996, -111.723220,40323,20485800
47.533996, -111.723220,40323,20485800
47.534000, -111.723236,40323,20485900
47.534000, -111.723236,40323,20485900
47.534008, -111.723243,40323,20490000
47.534008, -111.723243,40323,20490000
47.534023, -111.723251,40323,20490100
47.534023, -111.723251,40323,20490100
47.534046, -111.723258,40323,20490200
47.534046, -111.723258,40323,20490200
47.534069, -111.723258,40323,20490300
47.534069, -111.723258,40323,20490300
47.534099, -111.723251,40323,20490400
47.534099, -111.723251,40323,20490400
47.534107, -111.723236,40323,20490500
47.534107, -111.723236,40323,20490500
47.534084, -111.723243,40323,20490600
47.534084, -111.723243,40323,20490600
47.534088, -111.723251,40323,20490700
47.534088, -111.723251,40323,20490700
47.534114, -111.723236,40323,20490800
47.534114, -111.723236,40323,20490800
47.534133, -111.723236,40323,20490900
47.534133, -111.723236,40323,20490900
47.534149, -111.723228,40323,20491000
47.534149, -111.723228,40323,20491000
47.534164, -111.723220,40323,20491100
47.534164, -111.723220,40323,20491100
47.534183, -111.723205,40323,20491200
47.534183, -111.723205,40323,20491200
47.534198, -111.723197,40323,20491300
47.534198, -111.723197,40323,20491300
47.534221, -111.723190,40323,20491400
47.534221, -111.723190,40323,20491400
47.534236, -111.723182,40323,20491500
47.534236, -111.723182,40323,20491500
47.534248, -111.723175,40323,20491600
47.534248, -111.723175,40323,20491600
47.534259, -111.723175,40323,20491700
47.534259, -111.723175,40323,20491700
47.534271, -111.723175,40323,20491800
47.534271, -111.723175,40323,20491800
47.534286, -111.723175,40323,20491900
47.534286, -111.723175,40323,20491900
47.534301, -111.723175,40323,20492000
47.534301, -111.723175,40323,20492000
47.534317, -111.723167,40323,20492100
47.534317, -111.723167,40323,20492100
47.534332, -111.723167,40323,20492200
47.534332, -111.723167,40323,20492200
47.534347, -111.723175,40323,20492300
47.534347, -111.723175,40323,20492300
47.534358, -111.723175,40323,20492400
47.534358, -111.723175,40323,20492400
47.534366, -111.723167,40323,20492500
47.534366, -111.723167,40323,20492500
47.534381, -111.723159,40323,20492600
47.534381, -111.723159,40323,20492600
47.534393, -111.723167,40323,20492700
47.534393, -111.723167,40323,20492700
47.534408, -111.723175,40323,20492800
47.534408, -111.723175,40323,20492800
47.534416, -111.723175,40323,20492900
47.534416, -111.723175,40323,20492900
47.534431, -111.723175,40323,20493000
47.534431, -111.723175,40323,20493000
47.534442, -111.723167,40323,20493100
47.534442, -111.723167,40323,20493100
47.534458, -111.723175,40323,20493200
47.534458, -111.723175,40323,20493200
47.534473, -111.723175,40323,20493300
47.534473, -111.723175,40323,20493300
47.534488, -111.723190,40323,20493400
47.534488, -111.723190,40323,20493400
47.534511, -111.723190,40323,20493500
47.534511, -111.723190,40323,20493500
47.534538, -111.723197,40323,20493600
47.534538, -111.723197,40323,20493600
47.534561, -111.723190,40323,20493700
47.534561, -111.723190,40323,20493700
47.534576, -111.723197,40323,20493800
47.534576, -111.723197,40323,20493800
47.534599, -111.723197,40323,20493900
47.534599, -111.723197,40323,20493900
47.534618, -111.723197,40323,20494000
47.534618, -111.723197,40323,20494000
47.534633, -111.723197,40323,20494100
47.534633, -111.723197,40323,20494100
47.534648, -111.723190,40323,20494200
47.534648, -111.723190,40323,20494200
47.534660, -111.723182,40323,20494300
47.534660, -111.723182,40323,20494300
47.534671, -111.723175,40323,20494400
47.534671, -111.723175,40323,20494400
47.534683, -111.723167,40323,20494500
47.534683, -111.723167,40323,20494500
47.534690, -111.723159,40323,20494600
47.534690, -111.723159,40323,20494600
47.534702, -111.723152,40323,20494700
47.534702, -111.723152,40323,20494700
47.534713, -111.723144,40323,20494800
47.534713, -111.723144,40323,20494800
47.534725, -111.723144,40323,20494900
47.534725, -111.723144,40323,20494900
47.534744, -111.723136,40323,20495000
47.534744, -111.723136,40323,20495000
47.534751, -111.723129,40323,20495100
47.534751, -111.723129,40323,20495100
47.534755, -111.723121,40323,20495200
47.534755, -111.723121,40323,20495200
47.534763, -111.723121,40323,20495300
47.534763, -111.723121,40323,20495300
47.534763, -111.723121,40323,20495400
47.534763, -111.723121,40323,20495400
47.534763, -111.723121,40323,20495500
47.534763, -111.723121,40323,20495500
47.534774, -111.723121,40323,20495600
47.534774, -111.723121,40323,20495600
47.534778, -111.723129,40323,20495700
47.534778, -111.723129,40323,20495700
47.534786, -111.723129,40323,20495800
47.534786, -111.723129,40323,20495800
47.534805, -111.723129,40323,20495900
47.534805, -111.723129,40323,20495900
47.534812, -111.723136,40323,20500000
47.534812, -111.723136,40323,20500000
47.534820, -111.723136,40323,20500100
47.534820, -111.723136,40323,20500100
47.534828, -111.723152,40323,20500200
47.534828, -111.723152,40323,20500200
47.534839, -111.723175,40323,20500300
47.534839, -111.723175,40323,20500300
47.534854, -111.723205,40323,20500400
47.534854, -111.723205,40323,20500400
47.534870, -111.723243,40323,20500500
47.534870, -111.723243,40323,20500500
47.534881, -111.723266,40323,20500600
47.534881, -111.723266,40323,20500600
47.534893, -111.723289,40323,20500700
47.534893, -111.723289,40323,20500700
47.534896, -111.723312,40323,20500800
47.534896, -111.723312,40323,20500800
47.534900, -111.723335,40323,20500900
47.534900, -111.723335,40323,20500900
47.534896, -111.723350,40323,20501000
47.534896, -111.723350,40323,20501000
47.534896, -111.723365,40323,20501100
47.534896, -111.723365,40323,20501100
47.534896, -111.723388,40323,20501200
47.534896, -111.723388,40323,20501200
47.534896, -111.723411,40323,20501300
47.534896, -111.723411,40323,20501300
47.534893, -111.723426,40323,20501400
47.534893, -111.723426,40323,20501400
47.534885, -111.723449,40323,20501500
47.534885, -111.723449,40323,20501500
47.534881, -111.723464,40323,20501600
47.534881, -111.723464,40323,20501600
47.534877, -111.723480,40323,20501700
47.534877, -111.723480,40323,20501700
47.534870, -111.723503,40323,20501800
47.534870, -111.723503,40323,20501800
47.534870, -111.723518,40323,20501900
47.534870, -111.723518,40323,20501900
47.534866, -111.723533,40323,20502000
47.534866, -111.723533,40323,20502000
47.534866, -111.723541,40323,20502100
47.534866, -111.723541,40323,20502100
47.534866, -111.723548,40323,20502200
47.534866, -111.723548,40323,20502200
47.534866, -111.723564,40323,20502300
47.534866, -111.723564,40323,20502300
47.534858, -111.723579,40323,20502400
47.534858, -111.723579,40323,20502400
47.534847, -111.723594,40323,20502500
47.534847, -111.723594,40323,20502500
47.534832, -111.723602,40323,20502600
47.534832, -111.723602,40323,20502600
47.534820, -111.723602,40323,20502700
47.534820, -111.723602,40323,20502700
47.534805, -111.723617,40323,20502800
47.534805, -111.723617,40323,20502800
47.534790, -111.723632,40323,20502900
47.534790, -111.723632,40323,20502900
47.534812, -111.723640,40323,20503000
47.534812, -111.723640,40323,20503000
47.534824, -111.723640,40323,20503100
47.534824, -111.723640,40323,20503100
47.534835, -111.723648,40323,20503200
47.534835, -111.723648,40323,20503200
47.534847, -111.723655,40323,20503300
47.534847, -111.723655,40323,20503300
47.534858, -111.723663,40323,20503400
47.534858, -111.723663,40323,20503400
47.534866, -111.723678,40323,20503500
47.534866, -111.723678,40323,20503500
47.534873, -111.723686,40323,20503600
47.534873, -111.723686,40323,20503600
47.534881, -111.723701,40323,20503700
47.534881, -111.723701,40323,20503700
47.534889, -111.723716,40323,20503800
47.534889, -111.723716,40323,20503800
47.534896, -111.723739,40323,20503900
47.534896, -111.723739,40323,20503900
47.534908, -111.723747,40323,20504000
47.534908, -111.723747,40323,20504000
47.534915, -111.723754,40323,20504100
47.534915, -111.723754,40323,20504100
47.534919, -111.723770,40323,20504200
47.534919, -111.723770,40323,20504200
47.534927, -111.723777,40323,20504300
47.534927, -111.723777,40323,20504300
47.534934, -111.723793,40323,20504400
47.534934, -111.723793,40323,20504400
47.534934, -111.723808,40323,20504500
47.534934, -111.723808,40323,20504500
47.534934, -111.723823,40323,20504600
47.534934, -111.723823,40323,20504600
47.534931, -111.723838,40323,20504700
47.534931, -111.723838,40323,20504700
47.534927, -111.723854,40323,20504800
47.534927, -111.723854,40323,20504800
47.534927, -111.723869,40323,20504900
47.534927, -111.723869,40323,20504900
47.534927, -111.723884,40323,20505000
47.534927, -111.723884,40323,20505000
47.534919, -111.723899,40323,20505100
47.534919, -111.723899,40323,20505100
47.534912, -111.723915,40323,20505200
47.534912, -111.723915,40323,20505200
47.534908, -111.723930,40323,20505300
47.534908, -111.723930,40323,20505300
47.534912, -111.723937,40323,20505400
47.534912, -111.723937,40323,20505400
47.534915, -111.723953,40323,20505500
47.534915, -111.723953,40323,20505500
47.534915, -111.723968,40323,20505600
47.534915, -111.723968,40323,20505600
47.534915, -111.723991,40323,20505700
47.534915, -111.723991,40323,20505700
47.534919, -111.724006,40323,20505800
47.534919, -111.724006,40323,20505800
47.534919, -111.724021,40323,20505900
47.534919, -111.724021,40323,20505900
47.534915, -111.724052,40323,20510000
47.534915, -111.724052,40323,20510000
47.534912, -111.724075,40323,20510100
47.534912, -111.724075,40323,20510100
47.534912, -111.724098,40323,20510200
47.534912, -111.724098,40323,20510200
47.534915, -111.724113,40323,20510300
47.534915, -111.724113,40323,20510300
47.534919, -111.724136,40323,20510400
47.534919, -111.724136,40323,20510400
47.534919, -111.724151,40323,20510500
47.534919, -111.724151,40323,20510500
47.534919, -111.724166,40323,20510600
47.534919, -111.724166,40323,20510600
47.534919, -111.724189,40323,20510700
47.534919, -111.724189,40323,20510700
47.534919, -111.724205,40323,20510800
47.534919, -111.724205,40323,20510800
47.534923, -111.724227,40323,20510900
47.534923, -111.724227,40323,20510900
47.534927, -111.724235,40323,20511000
47.534927, -111.724235,40323,20511000
47.534934, -111.724243,40323,20511100
47.534934, -111.724243,40323,20511100
47.534938, -111.724250,40323,20511200
47.534938, -111.724250,40323,20511200
47.534942, -111.724266,40323,20511300
47.534942, -111.724266,40323,20511300
47.534950, -111.724281,40323,20511400
47.534950, -111.724281,40323,20511400
47.534954, -111.724288,40323,20511500
47.534954, -111.724288,40323,20511500
47.534954, -111.724296,40323,20511600
47.534954, -111.724296,40323,20511600
47.534950, -111.724304,40323,20511700
47.534950, -111.724304,40323,20511700
47.534950, -111.724319,40323,20511800
47.534950, -111.724319,40323,20511800
47.534942, -111.724334,40323,20511900
47.534942, -111.724334,40323,20511900
47.534938, -111.724342,40323,20512000
47.534938, -111.724342,40323,20512000
47.534938, -111.724365,40323,20512100
47.534938, -111.724365,40323,20512100
47.534934, -111.724372,40323,20512200
47.534934, -111.724372,40323,20512200
47.534938, -111.724380,40323,20512300
47.534938, -111.724380,40323,20512300
47.534934, -111.724388,40323,20512400
47.534934, -111.724388,40323,20512400
47.534931, -111.724403,40323,20512500
47.534931, -111.724403,40323,20512500
47.534923, -111.724403,40323,20512600
47.534923, -111.724403,40323,20512600
47.534915, -111.724411,40323,20512700
47.534915, -111.724411,40323,20512700
47.534908, -111.724418,40323,20512800
47.534908, -111.724418,40323,20512800
47.534896, -111.724426,40323,20512900
47.534896, -111.724426,40323,20512900
47.534893, -111.724433,40323,20513000
47.534893, -111.724433,40323,20513000
47.534885, -111.724441,40323,20513100
47.534885, -111.724441,40323,20513100
47.534881, -111.724449,40323,20513200
47.534881, -111.724449,40323,20513200
47.534873, -111.724464,40323,20513300
47.534873, -111.724464,40323,20513300
47.534870, -111.724472,40323,20513400
47.534870, -111.724472,40323,20513400
47.534870, -111.724494,40323,20513500
47.534870, -111.724494,40323,20513500
47.534870, -111.724502,40323,20513600
47.534870, -111.724502,40323,20513600
47.534870, -111.724517,40323,20513700
47.534870, -111.724517,40323,20513700
47.534870, -111.724533,40323,20513800
47.534870, -111.724533,40323,20513800
47.534877, -111.724533,40323,20513900
47.534877, -111.724533,40323,20513900
47.534881, -111.724533,40323,20514000
47.534881, -111.724533,40323,20514000
47.534889, -111.724533,40323,20514100
47.534889, -111.724533,40323,20514100
47.534896, -111.724540,40323,20514200
47.534896, -111.724540,40323,20514200
47.534896, -111.724540,40323,20514300
47.534896, -111.724540,40323,20514300
47.534896, -111.724540,40323,20514400
47.534896, -111.724540,40323,20514400
47.534896, -111.724548,40323,20514500
47.534896, -111.724548,40323,20514500
47.534896, -111.724555,40323,20514600
47.534896, -111.724555,40323,20514600
47.534896, -111.724555,40323,20514700
47.534896, -111.724555,40323,20514700
47.534896, -111.724563,40323,20514800
47.534896, -111.724563,40323,20514800
47.534896, -111.724563,40323,20514900
47.534896, -111.724563,40323,20514900
47.534896, -111.724563,40323,20515000
47.534896, -111.724563,40323,20515000
47.534889, -111.724563,40323,20515100
47.534889, -111.724563,40323,20515100
47.534881, -111.724563,40323,20515200
47.534881, -111.724563,40323,20515200
47.534870, -111.724571,40323,20515300
47.534870, -111.724571,40323,20515300
47.534854, -111.724571,40323,20515400
47.534854, -111.724571,40323,20515400
47.534843, -111.724578,40323,20515500
47.534843, -111.724578,40323,20515500
47.534832, -111.724586,40323,20515600
47.534832, -111.724586,40323,20515600
47.534824, -111.724594,40323,20515700
47.534824, -111.724594,40323,20515700
47.534812, -111.724601,40323,20515800
47.534812, -111.724601,40323,20515800
47.534805, -111.724609,40323,20515900
47.534805, -111.724609,40323,20515900
47.534801, -111.724601,40323,20520000
47.534801, -111.724601,40323,20520000
47.534786, -111.724601,40323,20520100
47.534786, -111.724601,40323,20520100
47.534778, -111.724601,40323,20520200
47.534778, -111.724601,40323,20520200
47.534763, -111.724594,40323,20520300
47.534763, -111.724594,40323,20520300
47.534755, -111.724586,40323,20520400
47.534755, -111.724586,40323,20520400
47.534748, -111.724571,40323,20520500
47.534748, -111.724571,40323,20520500
47.534740, -111.724563,40323,20520600
47.534740, -111.724563,40323,20520600
47.534732, -111.724555,40323,20520700
47.534732, -111.724555,40323,20520700
47.534721, -111.724555,40323,20520800
47.534721, -111.724555,40323,20520800
47.534709, -111.724555,40323,20520900
47.534709, -111.724555,40323,20520900
47.534706, -111.724555,40323,20521000
47.534706, -111.724555,40323,20521000
47.534698, -111.724548,40323,20521100
47.534698, -111.724548,40323,20521100
47.534690, -111.724548,40323,20521200
47.534690, -111.724548,40323,20521200
47.534683, -111.724548,40323,20521300
47.534683, -111.724548,40323,20521300
47.534667, -111.724555,40323,20521400
47.534667, -111.724555,40323,20521400
47.534656, -111.724555,40323,20521500
47.534656, -111.724555,40323,20521500
47.534648, -111.724555,40323,20521600
47.534648, -111.724555,40323,20521600
47.534637, -111.724555,40323,20521700
47.534637, -111.724555,40323,20521700
47.534626, -111.724555,40323,20521800
47.534626, -111.724555,40323,20521800
47.534618, -111.724563,40323,20521900
47.534618, -111.724563,40323,20521900
47.534610, -111.724571,40323,20522000
47.534610, -111.724571,40323,20522000
47.534603, -111.724578,40323,20522100
47.534603, -111.724578,40323,20522100
47.534599, -111.724586,40323,20522200
47.534599, -111.724586,40323,20522200
47.534595, -111.724594,40323,20522300
47.534595, -111.724594,40323,20522300
47.534603, -111.724601,40323,20522400
47.534603, -111.724601,40323,20522400
47.534603, -111.724601,40323,20522500
47.534603, -111.724601,40323,20522500
47.534603, -111.724601,40323,20522600
47.534603, -111.724601,40323,20522600
47.534603, -111.724601,40323,20522700
47.534603, -111.724601,40323,20522700
47.534603, -111.724594,40323,20522800
47.534603, -111.724594,40323,20522800
47.534606, -111.724594,40323,20522900
47.534606, -111.724594,40323,20522900
47.534610, -111.724594,40323,20523000
47.534610, -111.724594,40323,20523000
47.534610, -111.724594,40323,20523100
47.534610, -111.724594,40323,20523100
47.534610, -111.724594,40323,20523200
47.534610, -111.724594,40323,20523200
47.534610, -111.724594,40323,20523300
47.534610, -111.724594,40323,20523300
47.534610, -111.724586,40323,20523400
47.534610, -111.724586,40323,20523400
47.534599, -111.724571,40323,20523500
47.534599, -111.724571,40323,20523500
47.534587, -111.724563,40323,20523600
47.534587, -111.724563,40323,20523600
47.534584, -111.724548,40323,20523700
47.534584, -111.724548,40323,20523700
47.534580, -111.724540,40323,20523800
47.534580, -111.724540,40323,20523800
47.534584, -111.724525,40323,20523900
47.534584, -111.724525,40323,20523900
47.534584, -111.724517,40323,20524000
47.534584, -111.724517,40323,20524000
47.534580, -111.724510,40323,20524100
47.534580, -111.724510,40323,20524100
47.534576, -111.724502,40323,20524200
47.534576, -111.724502,40323,20524200
47.534564, -111.724502,40323,20524300
47.534564, -111.724502,40323,20524300
47.534557, -111.724502,40323,20524400
47.534557, -111.724502,40323,20524400
47.534545, -111.724510,40323,20524500
47.534545, -111.724510,40323,20524500
47.534534, -111.724517,40323,20524600
47.534534, -111.724517,40323,20524600
47.534526, -111.724533,40323,20524700
47.534526, -111.724533,40323,20524700
47.534519, -111.724540,40323,20524800
47.534519, -111.724540,40323,20524800
47.534515, -111.724548,40323,20524900
47.534515, -111.724548,40323,20524900
47.534511, -111.724563,40323,20525000
47.534511, -111.724563,40323,20525000
47.534511, -111.724571,40323,20525100
47.534511, -111.724571,40323,20525100
47.534503, -111.724578,40323,20525200
47.534503, -111.724578,40323,20525200
47.534511, -111.724571,40323,20525300
47.534511, -111.724571,40323,20525300
47.534507, -111.724571,40323,20525400
47.534507, -111.724571,40323,20525400
47.534511, -111.724563,40323,20525500
47.534511, -111.724563,40323,20525500
47.534507, -111.724555,40323,20525600
47.534507, -111.724555,40323,20525600
47.534503, -111.724555,40323,20525700
47.534503, -111.724555,40323,20525700
47.534496, -111.724533,40323,20525800
47.534496, -111.724533,40323,20525800
47.534484, -111.724525,40323,20525900
47.534484, -111.724525,40323,20525900
47.534477, -111.724525,40323,20530000
47.534477, -111.724525,40323,20530000
47.534461, -111.724525,40323,20530100
47.534461, -111.724525,40323,20530100
47.534450, -111.724525,40323,20530200
47.534450, -111.724525,40323,20530200
47.534442, -111.724525,40323,20530300
47.534442, -111.724525,40323,20530300
47.534435, -111.724533,40323,20530400
47.534435, -111.724533,40323,20530400
47.534427, -111.724548,40323,20530500
47.534427, -111.724548,40323,20530500
47.534431, -111.724563,40323,20530600
47.534431, -111.724563,40323,20530600
47.534427, -111.724586,40323,20530700
47.534427, -111.724586,40323,20530700
47.534420, -111.724594,40323,20530800
47.534420, -111.724594,40323,20530800
47.534412, -111.724594,40323,20530900
47.534412, -111.724594,40323,20530900
47.534400, -111.724601,40323,20531000
47.534400, -111.724601,40323,20531000
47.534393, -111.724609,40323,20531100
47.534393, -111.724609,40323,20531100
47.534381, -111.724617,40323,20531200
47.534381, -111.724617,40323,20531200
47.534370, -111.724617,40323,20531300
47.534370, -111.724617,40323,20531300
47.534355, -111.724624,40323,20531400
47.534355, -111.724624,40323,20531400
47.534343, -111.724632,40323,20531500
47.534343, -111.724632,40323,20531500
47.534317, -111.724632,40323,20531600
47.534317, -111.724632,40323,20531600
47.534290, -111.724624,40323,20531700
47.534290, -111.724624,40323,20531700
47.534286, -111.724624,40323,20531800
47.534286, -111.724624,40323,20531800
47.534282, -111.724601,40323,20531900
47.534282, -111.724601,40323,20531900
47.534275, -111.724594,40323,20532000
47.534275, -111.724594,40323,20532000
47.534271, -111.724586,40323,20532100
47.534271, -111.724586,40323,20532100
47.534259, -111.724571,40323,20532200
47.534259, -111.724571,40323,20532200
47.534252, -111.724563,40323,20532300
47.534252, -111.724563,40323,20532300
47.534248, -111.724555,40323,20532400
47.534248, -111.724555,40323,20532400
47.534255, -111.724548,40323,20532500
47.534255, -111.724548,40323,20532500
47.534267, -111.724540,40323,20532600
47.534267, -111.724540,40323,20532600
47.534275, -111.724533,40323,20532700
47.534275, -111.724533,40323,20532700
47.534278, -111.724525,40323,20532800
47.534278, -111.724525,40323,20532800
47.534294, -111.724517,40323,20532900
47.534294, -111.724517,40323,20532900
47.534301, -111.724510,40323,20533000
47.534301, -111.724510,40323,20533000
47.534309, -111.724502,40323,20533100
47.534309, -111.724502,40323,20533100
47.534309, -111.724494,40323,20533200
47.534309, -111.724494,40323,20533200
47.534305, -111.724472,40323,20533300
47.534305, -111.724472,40323,20533300
47.534309, -111.724449,40323,20533400
47.534309, -111.724449,40323,20533400
47.534305, -111.724433,40323,20533500
47.534305, -111.724433,40323,20533500
47.534305, -111.724426,40323,20533600
47.534305, -111.724426,40323,20533600
47.534297, -111.724418,40323,20533700
47.534297, -111.724418,40323,20533700
47.534294, -111.724403,40323,20533800
47.534294, -111.724403,40323,20533800
47.534290, -111.724388,40323,20533900
47.534290, -111.724388,40323,20533900
47.534290, -111.724365,40323,20534000
47.534290, -111.724365,40323,20534000
47.534297, -111.724349,40323,20534100
47.534297, -111.724349,40323,20534100
47.534305, -111.724334,40323,20534200
47.534305, -111.724334,40323,20534200
47.534301, -111.724311,40323,20534300
47.534301, -111.724311,40323,20534300
47.534297, -111.724296,40323,20534400
47.534297, -111.724296,40323,20534400
47.534290, -111.724273,40323,20534500
47.534290, -111.724273,40323,20534500
47.534282, -111.724243,40323,20534600
47.534282, -111.724243,40323,20534600
47.534275, -111.724212,40323,20534700
47.534275, -111.724212,40323,20534700
47.534271, -111.724197,40323,20534800
47.534271, -111.724197,40323,20534800
47.534263, -111.724182,40323,20534900
47.534263, -111.724182,40323,20534900
47.534259, -111.724159,40323,20535000
47.534259, -111.724159,40323,20535000
47.534259, -111.724128,40323,20535100
47.534259, -111.724128,40323,20535100
47.534259, -111.724098,40323,20535200
47.534259, -111.724098,40323,20535200
47.534252, -111.724082,40323,20535300
47.534252, -111.724082,40323,20535300
47.534248, -111.724067,40323,20535400
47.534248, -111.724067,40323,20535400
47.534240, -111.724044,40323,20535500
47.534240, -111.724044,40323,20535500
47.534233, -111.724029,40323,20535600
47.534233, -111.724029,40323,20535600
47.534225, -111.724021,40323,20535700
47.534225, -111.724021,40323,20535700
47.534217, -111.724014,40323,20535800
47.534217, -111.724014,40323,20535800
47.534210, -111.723999,40323,20535900
47.534210, -111.723999,40323,20535900
47.534210, -111.723991,40323,20540000
47.534210, -111.723991,40323,20540000
47.534210, -111.723976,40323,20540100
47.534210, -111.723976,40323,20540100
47.534210, -111.723968,40323,20540200
47.534210, -111.723968,40323,20540200
47.534210, -111.723937,40323,20540300
47.534210, -111.723937,40323,20540300
47.534202, -111.723922,40323,20540400
47.534202, -111.723922,40323,20540400
47.534194, -111.723899,40323,20540500
47.534194, -111.723899,40323,20540500
47.534191, -111.723884,40323,20540600
47.534191, -111.723884,40323,20540600
47.534179, -111.723869,40323,20540700
47.534179, -111.723869,40323,20540700
47.534168, -111.723846,40323,20540800
47.534168, -111.723846,40323,20540800
47.534160, -111.723815,40323,20540900
47.534160, -111.723815,40323,20540900
47.534152, -111.723785,40323,20541000
47.534152, -111.723785,40323,20541000
47.534149, -111.723770,40323,20541100
47.534149, -111.723770,40323,20541100
47.534141, -111.723754,40323,20541200
47.534141, -111.723754,40323,20541200
47.534137, -111.723739,40323,20541300
47.534137, -111.723739,40323,20541300
47.534130, -111.723731,40323,20541400
47.534130, -111.723731,40323,20541400
47.534130, -111.723716,40323,20541500
47.534130, -111.723716,40323,20541500
47.534122, -111.723701,40323,20541600
47.534122, -111.723701,40323,20541600
47.534118, -111.723678,40323,20541700
47.534118, -111.723678,40323,20541700
47.534114, -111.723655,40323,20541800
47.534114, -111.723655,40323,20541800
47.534103, -111.723640,40323,20541900
47.534103, -111.723640,40323,20541900
47.534091, -111.723617,40323,20542000
47.534091, -111.723617,40323,20542000
47.534084, -111.723609,40323,20542100
47.534084, -111.723609,40323,20542100
47.534069, -111.723594,40323,20542200
47.534069, -111.723594,40323,20542200
47.534057, -111.723579,40323,20542300
47.534057, -111.723579,40323,20542300
47.534046, -111.723556,40323,20542400
47.534046, -111.723556,40323,20542400
47.534038, -111.723533,40323,20542500
47.534038, -111.723533,40323,20542500
47.534034, -111.723503,40323,20542600
47.534034, -111.723503,40323,20542600
47.534034, -111.723487,40323,20542700
47.534034, -111.723487,40323,20542700
47.534030, -111.723472,40323,20542800
47.534030, -111.723472,40323,20542800
47.534023, -111.723457,40323,20542900
47.534023, -111.723457,40323,20542900
47.534015, -111.723449,40323,20543000
47.534015, -111.723449,40323,20543000
47.534008, -111.723434,40323,20543100
47.534008, -111.723434,40323,20543100
47.534000, -111.723419,40323,20543200
47.534000, -111.723419,40323,20543200
47.533992, -111.723396,40323,20543300
47.533992, -111.723396,40323,20543300
47.533977, -111.723388,40323,20543400
47.533977, -111.723388,40323,20543400
47.533966, -111.723373,40323,20543500
47.533966, -111.723373,40323,20543500
47.533954, -111.723350,40323,20543600
47.533954, -111.723350,40323,20543600
47.533943, -111.723335,40323,20543700
47.533943, -111.723335,40323,20543700
47.533935, -111.723320,40323,20543800
47.533935, -111.723320,40323,20543800
47.533931, -111.723297,40323,20543900
47.533931, -111.723297,40323,20543900
47.533931, -111.723274,40323,20544000
47.533931, -111.723274,40323,20544000
47.533931, -111.723251,40323,20544100
47.533931, -111.723251,40323,20544100
47.533927, -111.723236,40323,20544200
47.533927, -111.723236,40323,20544200
47.533924, -111.723220,40323,20544300
47.533924, -111.723220,40323,20544300
47.533916, -111.723205,40323,20544400
47.533916, -111.723205,40323,20544400
47.533908, -111.723197,40323,20544500
47.533908, -111.723197,40323,20544500
47.533901, -111.723190,40323,20544600
47.533901, -111.723190,40323,20544600
47.533893, -111.723175,40323,20544700
47.533893, -111.723175,40323,20544700
47.533885, -111.723159,40323,20544800
47.533885, -111.723159,40323,20544800
47.533878, -111.723144,40323,20544900
47.533878, -111.723144,40323,20544900
47.533870, -111.723136,40323,20545000
47.533870, -111.723136,40323,20545000
47.533863, -111.723121,40323,20545100
47.533863, -111.723121,40323,20545100
47.533855, -111.723121,40323,20545200
47.533855, -111.723121,40323,20545200
47.533847, -111.723114,40323,20545300
47.533847, -111.723114,40323,20545300
47.533843, -111.723106,40323,20545400
47.533843, -111.723106,40323,20545400
47.533840, -111.723098,40323,20545500
47.533840, -111.723098,40323,20545500
47.533832, -111.723098,40323,20545600
47.533832, -111.723098,40323,20545600
47.533828, -111.723098,40323,20545700
47.533828, -111.723098,40323,20545700
47.533824, -111.723106,40323,20545800
47.533824, -111.723106,40323,20545800
47.533821, -111.723114,40323,20545900
47.533821, -111.723114,40323,20545900
47.533813, -111.723114,40323,20550000
47.533813, -111.723114,40323,20550000
47.533813, -111.723121,40323,20550100
47.533813, -111.723121,40323,20550100
47.533805, -111.723121,40323,20550200
47.533805, -111.723121,40323,20550200
47.533805, -111.723129,40323,20550300
47.533805, -111.723129,40323,20550300
47.533798, -111.723136,40323,20550400
47.533798, -111.723136,40323,20550400
47.533798, -111.723136,40323,20550500
47.533798, -111.723136,40323,20550500
47.533794, -111.723144,40323,20550600
47.533794, -111.723144,40323,20550600
47.533786, -111.723144,40323,20550700
47.533786, -111.723144,40323,20550700
47.533786, -111.723152,40323,20550800
47.533786, -111.723152,40323,20550800
47.533782, -111.723152,40323,20550900
47.533782, -111.723152,40323,20550900
47.533775, -111.723159,40323,20551000
47.533775, -111.723159,40323,20551000
47.533771, -111.723159,40323,20551100
47.533771, -111.723159,40323,20551100
47.533771, -111.723167,40323,20551200
47.533771, -111.723167,40323,20551200
47.533767, -111.723175,40323,20551300
47.533767, -111.723175,40323,20551300
47.533763, -111.723175,40323,20551400
47.533763, -111.723175,40323,20551400
47.533760, -111.723182,40323,20551500
47.533760, -111.723182,40323,20551500
47.533756, -111.723182,40323,20551600
47.533756, -111.723182,40323,20551600
47.533752, -111.723190,40323,20551700
47.533752, -111.723190,40323,20551700
47.533748, -111.723190,40323,20551800
47.533748, -111.723190,40323,20551800
47.533744, -111.723197,40323,20551900
47.533744, -111.723197,40323,20551900
47.533740, -111.723197,40323,20552000
47.533740, -111.723197,40323,20552000
47.533740, -111.723197,40323,20552100
47.533740, -111.723197,40323,20552100
47.533740, -111.723197,40323,20552200
47.533740, -111.723197,40323,20552200
47.533740, -111.723197,40323,20552300
47.533740, -111.723197,40323,20552300
47.533740, -111.723197,40323,20552400
47.533740, -111.723197,40323,20552400
47.533740, -111.723197,40323,20552500
47.533740, -111.723197,40323,20552500
47.533740, -111.723197,40323,20552600
47.533740, -111.723197,40323,20552600
47.533740, -111.723197,40323,20552700
47.533740, -111.723197,40323,20552700
47.533740, -111.723197,40323,20552800
47.533740, -111.723197,40323,20552800
47.533740, -111.723197,40323,20552900
47.533740, -111.723197,40323,20552900
47.533740, -111.723197,40323,20553000
47.533740, -111.723197,40323,20553000
47.533740, -111.723197,40323,20553100
47.533740, -111.723197,40323,20553100
47.533740, -111.723197,40323,20553200
47.533740, -111.723197,40323,20553200
47.533740, -111.723197,40323,20553300
47.533740, -111.723197,40323,20553300
47.533740, -111.723197,40323,20553400
47.533740, -111.723197,40323,20553400
47.533740, -111.723197,40323,20553500
47.533740, -111.723197,40323,20553500
47.533740, -111.723197,40323,20553600
47.533740, -111.723197,40323,20553600
47.533740, -111.723197,40323,20553700
47.533740, -111.723197,40323,20553700
47.533740, -111.723197,40323,20553800
47.533740, -111.723197,40323,20553800
47.533740, -111.723197,40323,20553900
47.533740, -111.723197,40323,20553900
47.533740, -111.723197,40323,20554000
47.533740, -111.723197,40323,20554000
47.533740, -111.723197,40323,20554100
47.533740, -111.723197,40323,20554100
47.533740, -111.723197,40323,20554200
47.533740, -111.723197,40323,20554200
47.533740, -111.723197,40323,20554300
47.533740, -111.723197,40323,20554300
47.533740, -111.723197,40323,20554400
47.533740, -111.723197,40323,20554400
47.533740, -111.723197,40323,20554500
47.533740, -111.723197,40323,20554500
47.533740, -111.723197,40323,20554600
47.533740, -111.723197,40323,20554600
47.533740, -111.723197,40323,20554700
47.533740, -111.723197,40323,20554700
47.533740, -111.723197,40323,20554800
47.533740, -111.723197,40323,20554800
47.533740, -111.723197,40323,20554900
47.533740, -111.723197,40323,20554900
47.533740, -111.723197,40323,20555000
47.533740, -111.723197,40323,20555000
47.533740, -111.723197,40323,20555100
47.533740, -111.723197,40323,20555100
47.533740, -111.723197,40323,20555200
47.533740, -111.723197,40323,20555200
47.533740, -111.723197,40323,20555300
47.533740, -111.723197,40323,20555300
47.533740, -111.723197,40323,20555400
47.533740, -111.723197,40323,20555400
47.533740, -111.723197,40323,20555500
47.533740, -111.723197,40323,20555500
47.533740, -111.723197,40323,20555600
47.533740, -111.723197,40323,20555600
47.533740, -111.723197,40323,20555700
47.533740, -111.723197,40323,20555700
47.533740, -111.723197,40323,20555800
47.533740, -111.723197,40323,20555800
47.533740, -111.723197,40323,20555900
47.533740, -111.723197,40323,20555900
47.533740, -111.723197,40323,20560000
47.533740, -111.723197,40323,20560000
47.533740, -111.723197,40323,20560100
47.533740, -111.723197,40323,20560100
47.533740, -111.723197,40323,20560200
47.533740, -111.723197,40323,20560200
47.533740, -111.723197,40323,20560300
47.533740, -111.723197,40323,20560300
47.533740, -111.723197,40323,20560400
47.533740, -111.723197,40323,20560400
47.533740, -111.723197,40323,20560500
47.533740, -111.723197,40323,20560500
47.533740, -111.723197,40323,20560600
47.533740, -111.723197,40323,20560600
47.533740, -111.723197,40323,20560700
47.533740, -111.723197,40323,20560700
47.533740, -111.723197,40323,20560800
47.533740, -111.723197,40323,20560800
47.533740, -111.723197,40323,20560900
47.533740, -111.723197,40323,20560900
47.533740, -111.723197,40323,20561000
47.533740, -111.723197,40323,20561000
47.533740, -111.723197,40323,20561100
47.533740, -111.723197,40323,20561100
47.533740, -111.723197,40323,20561200
47.533740, -111.723197,40323,20561200
47.533740, -111.723197,40323,20561300
47.533740, -111.723197,40323,20561300
47.533740, -111.723197,40323,20561400
47.533740, -111.723197,40323,20561400
47.533740, -111.723197,40323,20561500
47.533740, -111.723197,40323,20561500
47.533740, -111.723197,40323,20561600
47.533740, -111.723197,40323,20561600
47.533740, -111.723197,40323,20561700
47.533740, -111.723197,40323,20561700
47.533740, -111.723197,40323,20561800
47.533740, -111.723197,40323,20561800
47.533740, -111.723197,40323,20561900
47.533740, -111.723197,40323,20561900
47.533740, -111.723197,40323,20562000
47.533740, -111.723197,40323,20562000
47.533740, -111.723197,40323,20562100
47.533740, -111.723197,40323,20562100
47.533740, -111.723197,40323,20562200
47.533740, -111.723197,40323,20562200
47.533740, -111.723197,40323,20562300
47.533740, -111.723197,40323,20562300
47.533740, -111.723197,40323,20562400
47.533740, -111.723197,40323,20562400
47.533740, -111.723197,40323,20562500
47.533740, -111.723197,40323,20562500
47.533740, -111.723197,40323,20562600
47.533740, -111.723197,40323,20562600
47.533740, -111.723197,40323,20562700
47.533740, -111.723197,40323,20562700
47.533740, -111.723197,40323,20562800
47.533740, -111.723197,40323,20562800
47.533740, -111.723197,40323,20562900
47.533740, -111.723197,40323,20562900
47.533740, -111.723197,40323,20563000
47.533740, -111.723197,40323,20563000
47.533740, -111.723197,40323,20563100
47.533740, -111.723197,40323,20563100
47.533740, -111.723197,40323,20563200
47.533740, -111.723197,40323,20563200
47.533740, -111.723197,40323,20563300
47.533740, -111.723197,40323,20563300
47.533740, -111.723197,40323,20563400
47.533740, -111.723197,40323,20563400
47.533740, -111.723197,40323,20563500
47.533740, -111.723197,40323,20563500
47.533740, -111.723197,40323,20563600
47.533740, -111.723197,40323,20563600
47.533740, -111.723197,40323,20563700
47.533740, -111.723197,40323,20563700
47.533740, -111.723197,40323,20563800
47.533740, -111.723197,40323,20563800
47.533740, -111.723197,40323,20563900
47.533740, -111.723197,40323,20563900
47.533740, -111.723197,40323,20564000
47.533740, -111.723197,40323,20564000
47.533740, -111.723197,40323,20564100
47.533740, -111.723197,40323,20564100
47.533740, -111.723197,40323,20564200
47.533740, -111.723197,40323,20564200
47.533740, -111.723197,40323,20564300
47.533740, -111.723197,40323,20564300
47.533740, -111.723197,40323,20564400
47.533740, -111.723197,40323,20564400
47.533740, -111.723197,40323,20564500
47.533740, -111.723197,40323,20564500
47.533740, -111.723197,40323,20564600
47.533740, -111.723197,40323,20564600
47.533740, -111.723197,40323,20564700
47.533740, -111.723197,40323,20564700
47.533740, -111.723197,40323,20564800
47.533740, -111.723197,40323,20564800
47.533740, -111.723197,40323,20564900
47.533740, -111.723197,40323,20564900
47.533740, -111.723197,40323,20565000
47.533740, -111.723197,40323,20565000
47.533740, -111.723197,40323,20565100
47.533740, -111.723197,40323,20565100
47.533740, -111.723197,40323,20565200
47.533740, -111.723197,40323,20565200
47.533740, -111.723197,40323,20565300
47.533740, -111.723197,40323,20565300
47.533740, -111.723197,40323,20565400
47.533740, -111.723197,40323,20565400
47.533740, -111.723197,40323,20565500
47.533740, -111.723197,40323,20565500
47.533740, -111.723197,40323,20565600
47.533740, -111.723197,40323,20565600
47.533740, -111.723197,40323,20565700
47.533740, -111.723197,40323,20565700
47.533740, -111.723197,40323,20565800
47.533740, -111.723197,40323,20565800
47.533740, -111.723197,40323,20565900
47.533740, -111.723197,40323,20565900
47.533740, -111.723197,40323,20570000
47.533740, -111.723197,40323,20570000
47.533740, -111.723197,40323,20570100
47.533740, -111.723197,40323,20570100
47.533740, -111.723197,40323,20570200
47.533740, -111.723197,40323,20570200
47.533740, -111.723197,40323,20570300
47.533740, -111.723197,40323,20570300
47.533740, -111.723197,40323,20570400
47.533740, -111.723197,40323,20570400
47.533740, -111.723197,40323,20570500
47.533740, -111.723197,40323,20570500
47.533740, -111.723197,40323,20570600
47.533740, -111.723197,40323,20570600
47.533740, -111.723197,40323,20570700
47.533740, -111.723197,40323,20570700
47.533740, -111.723197,40323,20570800
47.533740, -111.723197,40323,20570800
47.533740, -111.723197,40323,20570900
47.533740, -111.723197,40323,20570900
47.533740, -111.723197,40323,20571000
47.533740, -111.723197,40323,20571000
47.533740, -111.723197,40323,20571100
47.533740, -111.723197,40323,20571100
47.533740, -111.723197,40323,20571200
47.533740, -111.723197,40323,20571200
47.533740, -111.723197,40323,20571300
47.533740, -111.723197,40323,20571300
47.533740, -111.723197,40323,20571400
47.533740, -111.723197,40323,20571400
47.533740, -111.723197,40323,20571500
47.533740, -111.723197,40323,20571500
47.533740, -111.723197,40323,20571600
47.533740, -111.723197,40323,20571600
47.533740, -111.723197,40323,20571700
47.533740, -111.723197,40323,20571700
47.533740, -111.723197,40323,20571800
47.533740, -111.723197,40323,20571800
47.533740, -111.723197,40323,20571900
47.533740, -111.723197,40323,20571900
47.533740, -111.723197,40323,20572000
47.533740, -111.723197,40323,20572000
47.533740, -111.723197,40323,20572100
47.533740, -111.723197,40323,20572100
47.533740, -111.723197,40323,20572200
47.533740, -111.723197,40323,20572200
47.533740, -111.723197,40323,20572300
47.533740, -111.723197,40323,20572300
47.533740, -111.723197,40323,20572400
47.533740, -111.723197,40323,20572400
47.533740, -111.723197,40323,20572500
47.533740, -111.723197,40323,20572500
47.533740, -111.723197,40323,20572600
47.533740, -111.723197,40323,20572600
47.533740, -111.723197,40323,20572700
47.533740, -111.723197,40323,20572700
47.533740, -111.723197,40323,20572800
47.533740, -111.723197,40323,20572800
47.533740, -111.723197,40323,20572900
47.533740, -111.723197,40323,20572900
47.533740, -111.723197,40323,20573000
47.533740, -111.723197,40323,20573000
47.533740, -111.723197,40323,20573100
47.533740, -111.723197,40323,20573100
47.533740, -111.723197,40323,20573200
47.533740, -111.723197,40323,20573200
47.533740, -111.723197,40323,20573300
47.533740, -111.723197,40323,20573300
47.533740, -111.723197,40323,20573400
47.533740, -111.723197,40323,20573400
47.533740, -111.723197,40323,20573500
47.533740, -111.723197,40323,20573500
47.533740, -111.723197,40323,20573600
47.533740, -111.723197,40323,20573600
47.533740, -111.723197,40323,20573700
47.533740, -111.723197,40323,20573700
47.533740, -111.723197,40323,20573800
47.533740, -111.723197,40323,20573800
47.533740, -111.723197,40323,20573900
47.533740, -111.723197,40323,20573900
47.533740, -111.723197,40323,20574000
47.533740, -111.723197,40323,20574000
47.533740, -111.723197,40323,20574100
47.533740, -111.723197,40323,20574100
47.533740, -111.723197,40323,20574200
47.533740, -111.723197,40323,20574200
47.533740, -111.723197,40323,20574300
47.533740, -111.723197,40323,20574300
47.533740, -111.723197,40323,20574400
47.533740, -111.723197,40323,20574400
47.533740, -111.723197,40323,20574500
47.533740, -111.723197,40323,20574500
47.533740, -111.723197,40323,20574600
47.533740, -111.723197,40323,20574600
47.533740, -111.723197,40323,20574700
47.533740, -111.723197,40323,20574700
47.533740, -111.723197,40323,20574800
47.533740, -111.723197,40323,20574800
47.533740, -111.723197,40323,20574900
47.533740, -111.723197,40323,20574900
47.533740, -111.723197,40323,20575000
47.533740, -111.723197,40323,20575000
47.533740, -111.723197,40323,20575100
47.533740, -111.723197,40323,20575100
47.533740, -111.723197,40323,20575200
47.533740, -111.723197,40323,20575200
47.533740, -111.723197,40323,20575300
47.533740, -111.723197,40323,20575300
47.533740, -111.723197,40323,20575400
47.533740, -111.723197,40323,20575400
47.533740, -111.723197,40323,20575500
47.533740, -111.723197,40323,20575500
47.533740, -111.723197,40323,20575600
47.533740, -111.723197,40323,20575600
47.533740, -111.723197,40323,20575700
47.533740, -111.723197,40323,20575700
47.533740, -111.723197,40323,20575800
47.533740, -111.723197,40323,20575800
47.533740, -111.723197,40323,20575900
47.533740, -111.723197,40323,20575900
47.533740, -111.723197,40323,20580000
47.533740, -111.723197,40323,20580000
47.533740, -111.723197,40323,20580100
47.533740, -111.723197,40323,20580100
47.533740, -111.723197,40323,20580200
47.533740, -111.723197,40323,20580200
47.533740, -111.723197,40323,20580300
47.533740, -111.723197,40323,20580300
47.533740, -111.723197,40323,20580400
47.533740, -111.723197,40323,20580400
47.533740, -111.723197,40323,20580500
47.533740, -111.723197,40323,20580500
47.533740, -111.723197,40323,20580600
47.533740, -111.723197,40323,20580600
47.533740, -111.723197,40323,20580700
47.533740, -111.723197,40323,20580700
47.533740, -111.723197,40323,20580800
47.533740, -111.723197,40323,20580800
47.533740, -111.723197,40323,20580900
47.533740, -111.723197,40323,20580900
47.533740, -111.723197,40323,20581000
47.533740, -111.723197,40323,20581000
47.533740, -111.723197,40323,20581100
47.533740, -111.723197,40323,20581100
47.533740, -111.723197,40323,20581200
47.533740, -111.723197,40323,20581200
47.533740, -111.723197,40323,20581300
47.533740, -111.723197,40323,20581300
47.533740, -111.723197,40323,20581400
47.533740, -111.723197,40323,20581400
47.533740, -111.723197,40323,20581500
47.533740, -111.723197,40323,20581500
47.533740, -111.723197,40323,20581600
47.533740, -111.723197,40323,20581600
47.533740, -111.723197,40323,20581700
47.533740, -111.723197,40323,20581700
47.533740, -111.723197,40323,20581800
47.533740, -111.723197,40323,20581800
47.533740, -111.723197,40323,20581900
47.533740, -111.723197,40323,20581900
47.533740, -111.723197,40323,20582000
47.533740, -111.723197,40323,20582000
47.533740, -111.723197,40323,20582100
47.533740, -111.723197,40323,20582100
47.533740, -111.723197,40323,20582200
47.533740, -111.723197,40323,20582200
47.533740, -111.723197,40323,20582300
47.533740, -111.723197,40323,20582300
47.533740, -111.723197,40323,20582400
47.533740, -111.723197,40323,20582400
47.533740, -111.723197,40323,20582500
47.533740, -111.723197,40323,20582500
47.533740, -111.723197,40323,20582600
47.533740, -111.723197,40323,20582600
47.533740, -111.723197,40323,20582700
47.533740, -111.723197,40323,20582700
47.533740, -111.723197,40323,20582800
47.533740, -111.723197,40323,20582800
47.533740, -111.723197,40323,20582900
47.533740, -111.723197,40323,20582900
47.533740, -111.723197,40323,20583000
47.533740, -111.723197,40323,20583000
47.533740, -111.723197,40323,20583100
47.533740, -111.723197,40323,20583100
47.533740, -111.723197,40323,20583200
47.533740, -111.723197,40323,20583200
47.533740, -111.723197,40323,20583300
47.533740, -111.723197,40323,20583300
47.533740, -111.723197,40323,20583400
47.533740, -111.723197,40323,20583400
47.533740, -111.723197,40323,20583500
47.533740, -111.723197,40323,20583500
47.533740, -111.723197,40323,20583600
47.533740, -111.723197,40323,20583600
47.533740, -111.723197,40323,20583700
47.533740, -111.723197,40323,20583700
47.533740, -111.723197,40323,20583800
47.533740, -111.723197,40323,20583800
47.533740, -111.723197,40323,20583900
47.533740, -111.723197,40323,20583900
47.533740, -111.723197,40323,20584000
47.533740, -111.723197,40323,20584000
47.533740, -111.723197,40323,20584100
47.533740, -111.723197,40323,20584100
47.533740, -111.723197,40323,20584200
47.533740, -111.723197,40323,20584200
47.533740, -111.723197,40323,20584300
47.533740, -111.723197,40323,20584300
47.533740, -111.723197,40323,20584400
47.533740, -111.723197,40323,20584400
47.533740, -111.723197,40323,20584500
47.533740, -111.723197,40323,20584500
47.533740, -111.723197,40323,20584600
47.533740, -111.723197,40323,20584600
47.533740, -111.723197,40323,20584700
47.533740, -111.723197,40323,20584700
47.533740, -111.723197,40323,20584800
47.533740, -111.723197,40323,20584800
47.533740, -111.723197,40323,20584900
47.533740, -111.723197,40323,20584900
47.533740, -111.723197,40323,20585000
47.533740, -111.723197,40323,20585000
47.533740, -111.723197,40323,20585100
47.533740, -111.723197,40323,20585100
47.533740, -111.723197,40323,20585200
47.533740, -111.723197,40323,20585200
47.533740, -111.723197,40323,20585300
47.533740, -111.723197,40323,20585300
47.533740, -111.723197,40323,20585400
47.533740, -111.723197,40323,20585400
47.533740, -111.723197,40323,20585500
47.533740, -111.723197,40323,20585500
47.533740, -111.723197,40323,20585600
47.533740, -111.723197,40323,20585600
47.533740, -111.723197,40323,20585700
47.533740, -111.723197,40323,20585700
47.533740, -111.723197,40323,20585800
47.533740, -111.723197,40323,20585800
47.533740, -111.723197,40323,20585900
47.533740, -111.723197,40323,20585900
47.533740, -111.723197,40323,20590000
47.533740, -111.723197,40323,20590000
